{"cells":[{"cell_type":"markdown","source":["HOLDINGS DATA"],"metadata":{"application/vnd.databricks.v1+cell":{"showTitle":false,"cellMetadata":{},"nuid":"a2fdc48d-09cb-46ed-995e-186dd99cac98","inputWidgets":{},"title":""}}},{"cell_type":"code","source":["from pyspark.sql.functions import desc"],"metadata":{"application/vnd.databricks.v1+cell":{"showTitle":false,"cellMetadata":{},"nuid":"3eb98f5f-5ce4-41e3-ae76-4916676db6b6","inputWidgets":{},"title":""}},"outputs":[],"execution_count":0},{"cell_type":"code","source":["\nholdings = spark.read.csv(\"/FileStore/tables/my_holdings_031222.csv\",header='true')\ndisplay(holdings)\n"],"metadata":{"application/vnd.databricks.v1+cell":{"showTitle":false,"cellMetadata":{},"nuid":"e2dad6e1-cb5b-44b2-8deb-fb0010084234","inputWidgets":{},"title":""}},"outputs":[{"output_type":"display_data","metadata":{"application/vnd.databricks.v1+output":{"overflow":false,"datasetInfos":[],"data":[["ADANIPORTS","15","837.33","886.2","13293","733.05","5.84","-0.24"],["ALLCARGO","10","377.6","440.15","4401.5","625.5","16.57","0"],["DEEPAKNTR","2","2073.75","2211.5","4423","275.5","6.64","0"],["EXIDEIND","40","157.98","190.6","7624","1304.7","20.65","0"],["HDFCLIFE","16","536.35","590","9440","858.4","10","0"],["HINDUNILVR","8","2557.43","2615.3","20922.4","463","2.26","0"],["LANCER","8","364","447.15","3577.2","665.2","22.84","0"],["NIFTYBEES","48","190.57","204.81","9830.88","683.46","7.47","-0.01"],["SAREGAMA","5","398.37","381.9","1909.5","-82.35","-4.13","0"],["SCHAEFFLER","13","2957.88","2809.4","36522.2","-1930.25","-5.02","0.21"],["SHREDIGCEM","20","66.58","70.25","1405","73.5","5.52","0"],["TATASTEEL","40","101.55","112.05","4482","420","10.34","0"],["TCS","10","3148.67","3439.25","34392.5","2905.85","9.23","0"],["TRIDENT","125","36.85","37.55","4693.75","87.25","1.89","0"]],"plotOptions":{"displayType":"table","customPlotOptions":{},"pivotColumns":null,"pivotAggregation":null,"xColumns":null,"yColumns":null},"columnCustomDisplayInfos":{},"aggType":"","isJsonSchema":true,"removedWidgets":[],"aggSchema":[],"schema":[{"name":"Instrument","type":"\"string\"","metadata":"{}"},{"name":"Qty.","type":"\"string\"","metadata":"{}"},{"name":"Avg. cost","type":"\"string\"","metadata":"{}"},{"name":"LTP","type":"\"string\"","metadata":"{}"},{"name":"Cur. val","type":"\"string\"","metadata":"{}"},{"name":"P&L","type":"\"string\"","metadata":"{}"},{"name":"Net chg.","type":"\"string\"","metadata":"{}"},{"name":"Day chg.","type":"\"string\"","metadata":"{}"}],"aggError":"","aggData":[],"addedWidgets":{},"metadata":{},"dbfsResultPath":null,"type":"table","aggOverflow":false,"aggSeriesLimitReached":false,"arguments":{}}},"output_type":"display_data","data":{"text/html":["<style scoped>\n  .table-result-container {\n    max-height: 300px;\n    overflow: auto;\n  }\n  table, th, td {\n    border: 1px solid black;\n    border-collapse: collapse;\n  }\n  th, td {\n    padding: 5px;\n  }\n  th {\n    text-align: left;\n  }\n</style><div class='table-result-container'><table class='table-result'><thead style='background-color: white'><tr><th>Instrument</th><th>Qty.</th><th>Avg. cost</th><th>LTP</th><th>Cur. val</th><th>P&L</th><th>Net chg.</th><th>Day chg.</th></tr></thead><tbody><tr><td>ADANIPORTS</td><td>15</td><td>837.33</td><td>886.2</td><td>13293</td><td>733.05</td><td>5.84</td><td>-0.24</td></tr><tr><td>ALLCARGO</td><td>10</td><td>377.6</td><td>440.15</td><td>4401.5</td><td>625.5</td><td>16.57</td><td>0</td></tr><tr><td>DEEPAKNTR</td><td>2</td><td>2073.75</td><td>2211.5</td><td>4423</td><td>275.5</td><td>6.64</td><td>0</td></tr><tr><td>EXIDEIND</td><td>40</td><td>157.98</td><td>190.6</td><td>7624</td><td>1304.7</td><td>20.65</td><td>0</td></tr><tr><td>HDFCLIFE</td><td>16</td><td>536.35</td><td>590</td><td>9440</td><td>858.4</td><td>10</td><td>0</td></tr><tr><td>HINDUNILVR</td><td>8</td><td>2557.43</td><td>2615.3</td><td>20922.4</td><td>463</td><td>2.26</td><td>0</td></tr><tr><td>LANCER</td><td>8</td><td>364</td><td>447.15</td><td>3577.2</td><td>665.2</td><td>22.84</td><td>0</td></tr><tr><td>NIFTYBEES</td><td>48</td><td>190.57</td><td>204.81</td><td>9830.88</td><td>683.46</td><td>7.47</td><td>-0.01</td></tr><tr><td>SAREGAMA</td><td>5</td><td>398.37</td><td>381.9</td><td>1909.5</td><td>-82.35</td><td>-4.13</td><td>0</td></tr><tr><td>SCHAEFFLER</td><td>13</td><td>2957.88</td><td>2809.4</td><td>36522.2</td><td>-1930.25</td><td>-5.02</td><td>0.21</td></tr><tr><td>SHREDIGCEM</td><td>20</td><td>66.58</td><td>70.25</td><td>1405</td><td>73.5</td><td>5.52</td><td>0</td></tr><tr><td>TATASTEEL</td><td>40</td><td>101.55</td><td>112.05</td><td>4482</td><td>420</td><td>10.34</td><td>0</td></tr><tr><td>TCS</td><td>10</td><td>3148.67</td><td>3439.25</td><td>34392.5</td><td>2905.85</td><td>9.23</td><td>0</td></tr><tr><td>TRIDENT</td><td>125</td><td>36.85</td><td>37.55</td><td>4693.75</td><td>87.25</td><td>1.89</td><td>0</td></tr></tbody></table></div>"]}}],"execution_count":0},{"cell_type":"code","source":["holdings.collect()\n"],"metadata":{"application/vnd.databricks.v1+cell":{"showTitle":true,"cellMetadata":{},"nuid":"12798f1f-0b5d-47fd-bc9c-adfec645885e","inputWidgets":{},"title":"Collect method"}},"outputs":[{"output_type":"display_data","metadata":{"application/vnd.databricks.v1+output":{"datasetInfos":[],"data":"Out[14]: [Row(Instrument='ADANIPORTS', Qty.='15', Avg. cost='837.33', LTP='886.2', Cur. val='13293', P&L='733.05', Net chg.='5.84', Day chg.='-0.24'),\n Row(Instrument='ALLCARGO', Qty.='10', Avg. cost='377.6', LTP='440.15', Cur. val='4401.5', P&L='625.5', Net chg.='16.57', Day chg.='0'),\n Row(Instrument='DEEPAKNTR', Qty.='2', Avg. cost='2073.75', LTP='2211.5', Cur. val='4423', P&L='275.5', Net chg.='6.64', Day chg.='0'),\n Row(Instrument='EXIDEIND', Qty.='40', Avg. cost='157.98', LTP='190.6', Cur. val='7624', P&L='1304.7', Net chg.='20.65', Day chg.='0'),\n Row(Instrument='HDFCLIFE', Qty.='16', Avg. cost='536.35', LTP='590', Cur. val='9440', P&L='858.4', Net chg.='10', Day chg.='0'),\n Row(Instrument='HINDUNILVR', Qty.='8', Avg. cost='2557.43', LTP='2615.3', Cur. val='20922.4', P&L='463', Net chg.='2.26', Day chg.='0'),\n Row(Instrument='LANCER', Qty.='8', Avg. cost='364', LTP='447.15', Cur. val='3577.2', P&L='665.2', Net chg.='22.84', Day chg.='0'),\n Row(Instrument='NIFTYBEES', Qty.='48', Avg. cost='190.57', LTP='204.81', Cur. val='9830.88', P&L='683.46', Net chg.='7.47', Day chg.='-0.01'),\n Row(Instrument='SAREGAMA', Qty.='5', Avg. cost='398.37', LTP='381.9', Cur. val='1909.5', P&L='-82.35', Net chg.='-4.13', Day chg.='0'),\n Row(Instrument='SCHAEFFLER', Qty.='13', Avg. cost='2957.88', LTP='2809.4', Cur. val='36522.2', P&L='-1930.25', Net chg.='-5.02', Day chg.='0.21'),\n Row(Instrument='SHREDIGCEM', Qty.='20', Avg. cost='66.58', LTP='70.25', Cur. val='1405', P&L='73.5', Net chg.='5.52', Day chg.='0'),\n Row(Instrument='TATASTEEL', Qty.='40', Avg. cost='101.55', LTP='112.05', Cur. val='4482', P&L='420', Net chg.='10.34', Day chg.='0'),\n Row(Instrument='TCS', Qty.='10', Avg. cost='3148.67', LTP='3439.25', Cur. val='34392.5', P&L='2905.85', Net chg.='9.23', Day chg.='0'),\n Row(Instrument='TRIDENT', Qty.='125', Avg. cost='36.85', LTP='37.55', Cur. val='4693.75', P&L='87.25', Net chg.='1.89', Day chg.='0')]","removedWidgets":[],"addedWidgets":{},"metadata":{},"type":"ansi","arguments":{}}},"output_type":"display_data","data":{"text/plain":["Out[14]: [Row(Instrument='ADANIPORTS', Qty.='15', Avg. cost='837.33', LTP='886.2', Cur. val='13293', P&L='733.05', Net chg.='5.84', Day chg.='-0.24'),\n Row(Instrument='ALLCARGO', Qty.='10', Avg. cost='377.6', LTP='440.15', Cur. val='4401.5', P&L='625.5', Net chg.='16.57', Day chg.='0'),\n Row(Instrument='DEEPAKNTR', Qty.='2', Avg. cost='2073.75', LTP='2211.5', Cur. val='4423', P&L='275.5', Net chg.='6.64', Day chg.='0'),\n Row(Instrument='EXIDEIND', Qty.='40', Avg. cost='157.98', LTP='190.6', Cur. val='7624', P&L='1304.7', Net chg.='20.65', Day chg.='0'),\n Row(Instrument='HDFCLIFE', Qty.='16', Avg. cost='536.35', LTP='590', Cur. val='9440', P&L='858.4', Net chg.='10', Day chg.='0'),\n Row(Instrument='HINDUNILVR', Qty.='8', Avg. cost='2557.43', LTP='2615.3', Cur. val='20922.4', P&L='463', Net chg.='2.26', Day chg.='0'),\n Row(Instrument='LANCER', Qty.='8', Avg. cost='364', LTP='447.15', Cur. val='3577.2', P&L='665.2', Net chg.='22.84', Day chg.='0'),\n Row(Instrument='NIFTYBEES', Qty.='48', Avg. cost='190.57', LTP='204.81', Cur. val='9830.88', P&L='683.46', Net chg.='7.47', Day chg.='-0.01'),\n Row(Instrument='SAREGAMA', Qty.='5', Avg. cost='398.37', LTP='381.9', Cur. val='1909.5', P&L='-82.35', Net chg.='-4.13', Day chg.='0'),\n Row(Instrument='SCHAEFFLER', Qty.='13', Avg. cost='2957.88', LTP='2809.4', Cur. val='36522.2', P&L='-1930.25', Net chg.='-5.02', Day chg.='0.21'),\n Row(Instrument='SHREDIGCEM', Qty.='20', Avg. cost='66.58', LTP='70.25', Cur. val='1405', P&L='73.5', Net chg.='5.52', Day chg.='0'),\n Row(Instrument='TATASTEEL', Qty.='40', Avg. cost='101.55', LTP='112.05', Cur. val='4482', P&L='420', Net chg.='10.34', Day chg.='0'),\n Row(Instrument='TCS', Qty.='10', Avg. cost='3148.67', LTP='3439.25', Cur. val='34392.5', P&L='2905.85', Net chg.='9.23', Day chg.='0'),\n Row(Instrument='TRIDENT', Qty.='125', Avg. cost='36.85', LTP='37.55', Cur. val='4693.75', P&L='87.25', Net chg.='1.89', Day chg.='0')]"]}}],"execution_count":0},{"cell_type":"code","source":["holdings.describe().show()"],"metadata":{"application/vnd.databricks.v1+cell":{"showTitle":true,"cellMetadata":{},"nuid":"8e70a658-0062-4083-9543-468e397b2229","inputWidgets":{},"title":"EDA"}},"outputs":[{"output_type":"display_data","metadata":{"application/vnd.databricks.v1+output":{"datasetInfos":[],"data":"+-------+----------+------------------+------------------+------------------+------------------+------------------+-----------------+--------------------+\n|summary|Instrument|              Qty.|         Avg. cost|               LTP|          Cur. val|               P&L|         Net chg.|            Day chg.|\n+-------+----------+------------------+------------------+------------------+------------------+------------------+-----------------+--------------------+\n|  count|        14|                14|                14|                14|                14|                14|               14|                  14|\n|   mean|      null|25.714285714285715| 986.0649999999999|1031.1507142857142|11208.352142857142|505.91499999999996|7.864285714285715|-0.00285714285714...|\n| stddev|      null| 31.96014000987088|1156.6354603746825|1187.6298012652328| 11488.26527780157|1013.3838540314023|8.153843562097867|  0.0884419471855862|\n|    min|ADANIPORTS|                10|            101.55|            112.05|             13293|          -1930.25|            -4.13|               -0.01|\n|    max|   TRIDENT|                 8|            837.33|             886.2|           9830.88|             87.25|             9.23|                0.21|\n+-------+----------+------------------+------------------+------------------+------------------+------------------+-----------------+--------------------+\n\n","removedWidgets":[],"addedWidgets":{},"metadata":{},"type":"ansi","arguments":{}}},"output_type":"display_data","data":{"text/plain":["+-------+----------+------------------+------------------+------------------+------------------+------------------+-----------------+--------------------+\n|summary|Instrument|              Qty.|         Avg. cost|               LTP|          Cur. val|               P&L|         Net chg.|            Day chg.|\n+-------+----------+------------------+------------------+------------------+------------------+------------------+-----------------+--------------------+\n|  count|        14|                14|                14|                14|                14|                14|               14|                  14|\n|   mean|      null|25.714285714285715| 986.0649999999999|1031.1507142857142|11208.352142857142|505.91499999999996|7.864285714285715|-0.00285714285714...|\n| stddev|      null| 31.96014000987088|1156.6354603746825|1187.6298012652328| 11488.26527780157|1013.3838540314023|8.153843562097867|  0.0884419471855862|\n|    min|ADANIPORTS|                10|            101.55|            112.05|             13293|          -1930.25|            -4.13|               -0.01|\n|    max|   TRIDENT|                 8|            837.33|             886.2|           9830.88|             87.25|             9.23|                0.21|\n+-------+----------+------------------+------------------+------------------+------------------+------------------+-----------------+--------------------+\n\n"]}}],"execution_count":0},{"cell_type":"code","source":["holdings.show()"],"metadata":{"application/vnd.databricks.v1+cell":{"showTitle":false,"cellMetadata":{},"nuid":"0a41497e-11c0-4b2f-87f1-8b75ad1e8431","inputWidgets":{},"title":""}},"outputs":[{"output_type":"display_data","metadata":{"application/vnd.databricks.v1+output":{"datasetInfos":[],"data":"+----------+----+---------+-------+--------+--------+--------+--------+\n|Instrument|Qty.|Avg. cost|    LTP|Cur. val|     P&L|Net chg.|Day chg.|\n+----------+----+---------+-------+--------+--------+--------+--------+\n|ADANIPORTS|  15|   837.33|  886.2|   13293|  733.05|    5.84|   -0.24|\n|  ALLCARGO|  10|    377.6| 440.15|  4401.5|   625.5|   16.57|       0|\n| DEEPAKNTR|   2|  2073.75| 2211.5|    4423|   275.5|    6.64|       0|\n|  EXIDEIND|  40|   157.98|  190.6|    7624|  1304.7|   20.65|       0|\n|  HDFCLIFE|  16|   536.35|    590|    9440|   858.4|      10|       0|\n|HINDUNILVR|   8|  2557.43| 2615.3| 20922.4|     463|    2.26|       0|\n|    LANCER|   8|      364| 447.15|  3577.2|   665.2|   22.84|       0|\n| NIFTYBEES|  48|   190.57| 204.81| 9830.88|  683.46|    7.47|   -0.01|\n|  SAREGAMA|   5|   398.37|  381.9|  1909.5|  -82.35|   -4.13|       0|\n|SCHAEFFLER|  13|  2957.88| 2809.4| 36522.2|-1930.25|   -5.02|    0.21|\n|SHREDIGCEM|  20|    66.58|  70.25|    1405|    73.5|    5.52|       0|\n| TATASTEEL|  40|   101.55| 112.05|    4482|     420|   10.34|       0|\n|       TCS|  10|  3148.67|3439.25| 34392.5| 2905.85|    9.23|       0|\n|   TRIDENT| 125|    36.85|  37.55| 4693.75|   87.25|    1.89|       0|\n+----------+----+---------+-------+--------+--------+--------+--------+\n\n","removedWidgets":[],"addedWidgets":{},"metadata":{},"type":"ansi","arguments":{}}},"output_type":"display_data","data":{"text/plain":["+----------+----+---------+-------+--------+--------+--------+--------+\n|Instrument|Qty.|Avg. cost|    LTP|Cur. val|     P&L|Net chg.|Day chg.|\n+----------+----+---------+-------+--------+--------+--------+--------+\n|ADANIPORTS|  15|   837.33|  886.2|   13293|  733.05|    5.84|   -0.24|\n|  ALLCARGO|  10|    377.6| 440.15|  4401.5|   625.5|   16.57|       0|\n| DEEPAKNTR|   2|  2073.75| 2211.5|    4423|   275.5|    6.64|       0|\n|  EXIDEIND|  40|   157.98|  190.6|    7624|  1304.7|   20.65|       0|\n|  HDFCLIFE|  16|   536.35|    590|    9440|   858.4|      10|       0|\n|HINDUNILVR|   8|  2557.43| 2615.3| 20922.4|     463|    2.26|       0|\n|    LANCER|   8|      364| 447.15|  3577.2|   665.2|   22.84|       0|\n| NIFTYBEES|  48|   190.57| 204.81| 9830.88|  683.46|    7.47|   -0.01|\n|  SAREGAMA|   5|   398.37|  381.9|  1909.5|  -82.35|   -4.13|       0|\n|SCHAEFFLER|  13|  2957.88| 2809.4| 36522.2|-1930.25|   -5.02|    0.21|\n|SHREDIGCEM|  20|    66.58|  70.25|    1405|    73.5|    5.52|       0|\n| TATASTEEL|  40|   101.55| 112.05|    4482|     420|   10.34|       0|\n|       TCS|  10|  3148.67|3439.25| 34392.5| 2905.85|    9.23|       0|\n|   TRIDENT| 125|    36.85|  37.55| 4693.75|   87.25|    1.89|       0|\n+----------+----+---------+-------+--------+--------+--------+--------+\n\n"]}}],"execution_count":0},{"cell_type":"code","source":["holdings = holdings.withColumnRenamed('Qty.', 'Quantity').withColumnRenamed('Avg. cost', 'Average').withColumnRenamed('Cur. val','Current').withColumnRenamed('P&L','Profit_Loss').withColumnRenamed('Net chg.','Net_change').withColumnRenamed('Day chg.','Day_change')"],"metadata":{"application/vnd.databricks.v1+cell":{"showTitle":true,"cellMetadata":{},"nuid":"bb684116-7f38-46b1-93e0-3ad3201affaf","inputWidgets":{},"title":"Rename"}},"outputs":[],"execution_count":0},{"cell_type":"code","source":["holdings.filter(holdings['Profit_Loss']<0).show()"],"metadata":{"application/vnd.databricks.v1+cell":{"showTitle":true,"cellMetadata":{},"nuid":"34332d63-6b1f-4a88-b087-66bf9be2c08a","inputWidgets":{},"title":"Filter"}},"outputs":[{"output_type":"display_data","metadata":{"application/vnd.databricks.v1+output":{"datasetInfos":[],"data":"+----------+--------+-------+------+-------+-----------+----------+----------+\n|Instrument|Quantity|Average|   LTP|Current|Profit_Loss|Net_change|Day_change|\n+----------+--------+-------+------+-------+-----------+----------+----------+\n|  SAREGAMA|       5| 398.37| 381.9| 1909.5|     -82.35|     -4.13|         0|\n|SCHAEFFLER|      13|2957.88|2809.4|36522.2|   -1930.25|     -5.02|      0.21|\n+----------+--------+-------+------+-------+-----------+----------+----------+\n\n","removedWidgets":[],"addedWidgets":{},"metadata":{},"type":"ansi","arguments":{}}},"output_type":"display_data","data":{"text/plain":["+----------+--------+-------+------+-------+-----------+----------+----------+\n|Instrument|Quantity|Average|   LTP|Current|Profit_Loss|Net_change|Day_change|\n+----------+--------+-------+------+-------+-----------+----------+----------+\n|  SAREGAMA|       5| 398.37| 381.9| 1909.5|     -82.35|     -4.13|         0|\n|SCHAEFFLER|      13|2957.88|2809.4|36522.2|   -1930.25|     -5.02|      0.21|\n+----------+--------+-------+------+-------+-----------+----------+----------+\n\n"]}}],"execution_count":0},{"cell_type":"code","source":["holdings.sort(desc(holdings.LTP)).show()"],"metadata":{"application/vnd.databricks.v1+cell":{"showTitle":true,"cellMetadata":{},"nuid":"2ed2cb76-b101-4740-b4fd-5a5bc2d048d1","inputWidgets":{},"title":"Sorting"}},"outputs":[{"output_type":"display_data","metadata":{"application/vnd.databricks.v1+output":{"datasetInfos":[],"data":"+----------+--------+-------+-------+-------+-----------+----------+----------+\n|Instrument|Quantity|Average|    LTP|Current|Profit_Loss|Net_change|Day_change|\n+----------+--------+-------+-------+-------+-----------+----------+----------+\n|ADANIPORTS|      15| 837.33|  886.2|  13293|     733.05|      5.84|     -0.24|\n|SHREDIGCEM|      20|  66.58|  70.25|   1405|       73.5|      5.52|         0|\n|  HDFCLIFE|      16| 536.35|    590|   9440|      858.4|        10|         0|\n|    LANCER|       8|    364| 447.15| 3577.2|      665.2|     22.84|         0|\n|  ALLCARGO|      10|  377.6| 440.15| 4401.5|      625.5|     16.57|         0|\n|  SAREGAMA|       5| 398.37|  381.9| 1909.5|     -82.35|     -4.13|         0|\n|   TRIDENT|     125|  36.85|  37.55|4693.75|      87.25|      1.89|         0|\n|       TCS|      10|3148.67|3439.25|34392.5|    2905.85|      9.23|         0|\n|SCHAEFFLER|      13|2957.88| 2809.4|36522.2|   -1930.25|     -5.02|      0.21|\n|HINDUNILVR|       8|2557.43| 2615.3|20922.4|        463|      2.26|         0|\n| DEEPAKNTR|       2|2073.75| 2211.5|   4423|      275.5|      6.64|         0|\n| NIFTYBEES|      48| 190.57| 204.81|9830.88|     683.46|      7.47|     -0.01|\n|  EXIDEIND|      40| 157.98|  190.6|   7624|     1304.7|     20.65|         0|\n| TATASTEEL|      40| 101.55| 112.05|   4482|        420|     10.34|         0|\n+----------+--------+-------+-------+-------+-----------+----------+----------+\n\n","removedWidgets":[],"addedWidgets":{},"metadata":{},"type":"ansi","arguments":{}}},"output_type":"display_data","data":{"text/plain":["+----------+--------+-------+-------+-------+-----------+----------+----------+\n|Instrument|Quantity|Average|    LTP|Current|Profit_Loss|Net_change|Day_change|\n+----------+--------+-------+-------+-------+-----------+----------+----------+\n|ADANIPORTS|      15| 837.33|  886.2|  13293|     733.05|      5.84|     -0.24|\n|SHREDIGCEM|      20|  66.58|  70.25|   1405|       73.5|      5.52|         0|\n|  HDFCLIFE|      16| 536.35|    590|   9440|      858.4|        10|         0|\n|    LANCER|       8|    364| 447.15| 3577.2|      665.2|     22.84|         0|\n|  ALLCARGO|      10|  377.6| 440.15| 4401.5|      625.5|     16.57|         0|\n|  SAREGAMA|       5| 398.37|  381.9| 1909.5|     -82.35|     -4.13|         0|\n|   TRIDENT|     125|  36.85|  37.55|4693.75|      87.25|      1.89|         0|\n|       TCS|      10|3148.67|3439.25|34392.5|    2905.85|      9.23|         0|\n|SCHAEFFLER|      13|2957.88| 2809.4|36522.2|   -1930.25|     -5.02|      0.21|\n|HINDUNILVR|       8|2557.43| 2615.3|20922.4|        463|      2.26|         0|\n| DEEPAKNTR|       2|2073.75| 2211.5|   4423|      275.5|      6.64|         0|\n| NIFTYBEES|      48| 190.57| 204.81|9830.88|     683.46|      7.47|     -0.01|\n|  EXIDEIND|      40| 157.98|  190.6|   7624|     1304.7|     20.65|         0|\n| TATASTEEL|      40| 101.55| 112.05|   4482|        420|     10.34|         0|\n+----------+--------+-------+-------+-------+-----------+----------+----------+\n\n"]}}],"execution_count":0}],"metadata":{"application/vnd.databricks.v1+notebook":{"notebookName":"my_pyspark_notebook_holdings_data_03122022","dashboards":[],"notebookMetadata":{"pythonIndentUnit":4},"language":"python","widgets":{},"notebookOrigID":4146056900338478}},"nbformat":4,"nbformat_minor":0}
